0.08108108108108109
0.04927536231884058
0.054878048780487805
0.058712121212121215
0.05042016806722689
0.09881422924901186
0.07792207792207792
0.08421052631578947
0.1111111111111111
0.08088235294117647
0.19166666666666668
0.17777777777777778
0.22727272727272727
0.0784313725490196
0.07575757575757576
0.08421052631578947
0.10606060606060606
0.13970588235294118
0.13186813186813187
0.14102564102564102
0.08333333333333333
0.16483516483516483
0.11428571428571428
0.1619047619047619
0.23809523809523808
0.058823529411764705
0.26666666666666666
0.2
0.16666666666666666
0.13333333333333333
0.38095238095238093
0.13333333333333333
0.17857142857142858
0.2222222222222222
0.13333333333333333
0.11538461538461539
0.1111111111111111
0.15555555555555556
0.2857142857142857
0.10606060606060606
0.2727272727272727
0.24444444444444444
0.1111111111111111
0.39285714285714285
0.08888888888888889
0.24444444444444444
0.24444444444444444
0.14285714285714285
0.25
0.1388888888888889
0.38095238095238093
0.13333333333333333
0.10714285714285714
0.2857142857142857
0.2777777777777778
0.09090909090909091
0.26666666666666666
0.2
0.12121212121212122
0.17857142857142858
0.10909090909090909
0.17777777777777778
0.14285714285714285
0.2
0.13333333333333333
0.14285714285714285
0.2
0.2
0.17857142857142858
0.1388888888888889
0.26666666666666666
0.09523809523809523
0.1111111111111111
0.14285714285714285
0.2857142857142857
0.10606060606060606
0.2857142857142857
0.2
0.10714285714285714
0.2
0.3333333333333333
0.19047619047619047
0.0
0.0
0.3333333333333333
0.13333333333333333
0.3333333333333333
0.2
0.2
0.42857142857142855
0.3
0.17857142857142858
0.3333333333333333
0.26666666666666666
0.16666666666666666
0.1388888888888889
0.23809523809523808
0.4
0.16666666666666666
0.15555555555555556
0.3333333333333333
0.5
0.17857142857142858
0.23809523809523808
0.5
0.2
0.2
0.14285714285714285
0.21428571428571427
0.26666666666666666
0.5238095238095238
0.42857142857142855
0.6666666666666666
0.4
0.2
0.16666666666666666
0.16666666666666666
0.19047619047619047
0.2
0.13333333333333333
0.21428571428571427
0.13333333333333333
0.16666666666666666
0.1111111111111111
0.19047619047619047
0.2
0.4
0.14285714285714285
0.2
0.4
0.4
0.0
0.15555555555555556
0.3333333333333333
0.2
0.26666666666666666
0.2
0.2
0.6666666666666666
0.5
0.13333333333333333
0.5
0.2
0.3333333333333333
0.3333333333333333
0.2
0.13333333333333333
0.3
0.2
0.5
0.3333333333333333
0.2
1.0
0.3333333333333333
0.1
0.16666666666666666
0.6666666666666666
0.0
0.3333333333333333
0.6666666666666666
0.2
0.2
0.2857142857142857
0.3
0.3
0.6666666666666666
0.4
0.5
0.3333333333333333
0.3333333333333333
0.2
0.26666666666666666
1.0
0.3333333333333333
0.16666666666666666
0.1
0.6666666666666666
0.3333333333333333
0.0
0.3333333333333333
0.4
0.0
0.3333333333333333
0.3333333333333333
0.19047619047619047
0.3
0.7
0.23809523809523808
0.5
0.2857142857142857
0.3333333333333333
0.6666666666666666
0.0
0.13333333333333333
0.6666666666666666
0.4
0.16666666666666666
0.3333333333333333
0.6666666666666666
0.3333333333333333
0.3333333333333333
0.0
0.3333333333333333
1.0
0.4
0.4
0.0
0.3333333333333333
0.3333333333333333
0.3333333333333333
0.2
0.0
0.0
0.5
0.6666666666666666
0.26666666666666666
0.3333333333333333
0.2
0.1
0.16666666666666666
0.2
0.5
0.3333333333333333
0.5
0.3333333333333333
0.17857142857142858
0.3333333333333333
0.21428571428571427
0.8333333333333334
1.0
1.0
1.0
1.0
0.4
0.3333333333333333
0.3333333333333333
0.3
0.2
0.6666666666666666
0.3
0.6
0.0
0.3333333333333333
0.3333333333333333
0.6666666666666666
0.6666666666666666
0.0
0.26666666666666666
0.3
0.4666666666666667
0.6666666666666666
0.3333333333333333
0.3333333333333333
0.3333333333333333
0.0
0.3333333333333333
0.3333333333333333
0.2
0.3333333333333333
0.2857142857142857
0.3
0.6666666666666666
0.3333333333333333
0.3
1.0
0.3333333333333333
0.3333333333333333
0.3333333333333333
0.3333333333333333
0.5
0.3333333333333333
0.3
0.6666666666666666
0.3333333333333333
0.3333333333333333
0.3
0.5
0.3
0.3333333333333333
0.0
0.5
1.0
1.0
0.3
0.3333333333333333
0.3333333333333333
0.13333333333333333
1.0
0.26666666666666666
0.6666666666666666
0.16666666666666666
0.6666666666666666
0.3333333333333333
0.0
0.3333333333333333
0.0
1.0
0.0
1.0
0.0
0.3333333333333333
1.0
1.0
0.5
0.0