77.0
74.0
73.0
51.0
53.0
33.0
30.0
37.0
32.0
27.0
27.0
18.0
16.0
34.0
21.0
28.0
16.0
24.0
19.0
19.0
24.0
26.0
25.0
29.0
8.0
24.0
18.0
13.0
22.0
17.0
12.0
13.0
10.0
16.0
10.0
18.0
17.0
12.0
20.0
18.0
20.0
16.0
15.0
14.0
21.0
13.0
18.0
17.0
12.0
14.0
10.0
9.0
14.0
10.0
11.0
15.0
11.0
9.0
20.0
10.0
13.0
11.0
9.0
11.0
7.0
11.0
11.0
13.0
9.0
10.0
9.0
9.0
11.0
12.0
14.0
16.0
10.0
13.0
11.0
11.0
7.0
12.0
7.0
3.0
8.0
9.0
6.0
6.0
5.0
13.0
8.0
13.0
9.0
10.0
5.0
14.0
11.0
5.0
5.0
13.0
6.0
5.0
11.0
11.0
6.0
5.0
5.0
12.0
9.0
7.0
8.0
11.0
7.0
7.0
8.0
5.0
4.0
11.0
12.0
7.0
9.0
7.0
5.0
13.0
9.0
11.0
6.0
9.0
12.0
7.0
9.0
3.0
10.0
7.0
7.0
8.0
10.0
6.0
5.0
6.0
10.0
6.0
8.0
6.0
7.0
11.0
9.0
6.0
6.0
4.0
3.0
9.0
2.0
4.0
7.0
6.0
6.0
3.0
5.0
6.0
6.0
7.0
8.0
6.0
7.0
6.0
5.0
5.0
5.0
5.0
6.0
7.0
5.0
8.0
7.0
8.0
4.0
5.0
2.0
5.0
7.0
2.0
5.0
3.0
8.0
6.0
8.0
10.0
7.0
9.0
8.0
5.0
2.0
8.0
6.0
7.0
7.0
6.0
6.0
5.0
7.0
2.0
4.0
3.0
7.0
7.0
3.0
4.0
8.0
3.0
7.0
3.0
2.0
6.0
4.0
6.0
4.0
8.0
9.0
6.0
9.0
7.0
5.0
4.0
4.0
10.0
4.0
9.0
6.0
4.0
4.0
4.0
6.0
7.0
3.0
5.0
8.0
8.0
5.0
7.0
9.0
2.0
3.0
9.0
6.0
7.0
2.0
7.0
5.0
7.0
5.0
4.0
4.0
3.0
5.0
5.0
3.0
6.0
6.0
9.0
7.0
6.0
9.0
7.0
4.0
3.0
6.0
7.0
6.0
6.0
6.0
10.0
6.0
4.0
5.0
7.0
6.0
8.0
4.0
2.0
6.0
5.0
7.0
5.0
4.0
6.0
9.0
3.0
8.0
4.0
5.0
8.0
6.0
2.0
4.0
1.0
3.0
1.0
2.0
1.0
5.0
2.0
3.0
5.0
1.0